                     geopack_08_dp    spacepy  spacepy-irbem  spiceypy1  spiceypy2      sunpy     sscweb   pyspedas
2010-12-21 00:00:00      23.437850  23.437829      23.437670  23.437721  23.437721  23.437571  23.505111  23.437850
2010-12-21 00:10:00      23.437850  23.437829      23.437670  23.437721  23.437721  23.437569  23.505111  23.437850
2010-12-21 00:20:00      23.437850  23.437829      23.437670  23.437721  23.437721  23.437568  23.505111  23.437850
2010-12-21 00:30:00      23.437850  23.437829      23.437670  23.437721  23.437721  23.437566  23.505111  23.437850
2010-12-21 00:40:00      23.437850  23.437829      23.437670  23.437722  23.437722  23.437565  23.505111  23.437850
2010-12-21 00:50:00      23.437850  23.437829      23.437670  23.437722  23.437722  23.437563  23.505111  23.437850
2010-12-21 01:00:00      23.437850  23.437829      23.437670  23.437722  23.437722  23.437562  23.505111  23.437850
2010-12-21 01:10:00      23.437850  23.437829      23.437670  23.437722  23.437722  23.437561  23.505111  23.437850
2010-12-21 01:20:00      23.437850  23.437829      23.437670  23.437723  23.437723  23.437560  23.505111  23.437850
2010-12-21 01:30:00      23.437850  23.437829      23.437670  23.437723  23.437723  23.437559  23.505111  23.437850
2010-12-21 01:40:00      23.437850  23.437829      23.437670  23.437723  23.437723  23.437558  23.505111  23.437850
2010-12-21 01:50:00      23.437850  23.437829      23.437670  23.437724  23.437724  23.437558  23.505111  23.437850
2010-12-21 02:00:00      23.437850  23.437829      23.437670  23.437724  23.437724  23.437557  23.505111  23.437850
2010-12-21 02:10:00      23.437850  23.437829      23.437670  23.437724  23.437724  23.437557  23.505111  23.437850
2010-12-21 02:20:00      23.437850  23.437829      23.437670  23.437724  23.437724  23.437557  23.505111  23.437850
2010-12-21 02:30:00      23.437850  23.437829      23.437670  23.437725  23.437725  23.437557  23.505111  23.437850
2010-12-21 02:40:00      23.437850  23.437829      23.437670  23.437725  23.437725  23.437557  23.505111  23.437850
2010-12-21 02:50:00      23.437850  23.437829      23.437670  23.437725  23.437725  23.437557  23.505111  23.437850
2010-12-21 03:00:00      23.437850  23.437829      23.437670  23.437726  23.437726  23.437557  23.505111  23.437850
2010-12-21 03:10:00      23.437850  23.437829      23.437670  23.437726  23.437726  23.437558  23.505111  23.437850
2010-12-21 03:20:00      23.437850  23.437829      23.437670  23.437726  23.437726  23.437558  23.505111  23.437850
2010-12-21 03:30:00      23.437850  23.437829      23.437670  23.437726  23.437726  23.437559  23.505111  23.437850
2010-12-21 03:40:00      23.437850  23.437829      23.437670  23.437727  23.437727  23.437560  23.505111  23.437850
2010-12-21 03:50:00      23.437850  23.437829      23.437670  23.437727  23.437727  23.437561  23.505111  23.437850
2010-12-21 04:00:00      23.437850  23.437829      23.437670  23.437727  23.437727  23.437562  23.505111  23.437850
2010-12-21 04:10:00      23.437850  23.437829      23.437670  23.437727  23.437727  23.437564  23.505111  23.437850
2010-12-21 04:20:00      23.437850  23.437829      23.437670  23.437728  23.437728  23.437565  23.505111  23.437850
2010-12-21 04:30:00      23.437850  23.437828      23.437670  23.437728  23.437728  23.437567  23.505111  23.437850
2010-12-21 04:40:00      23.437850  23.437828      23.437670  23.437728  23.437728  23.437568  23.505111  23.437850
2010-12-21 04:50:00      23.437850  23.437828      23.437670  23.437729  23.437729  23.437570  23.505111  23.437850
2010-12-21 05:00:00      23.437850  23.437828      23.437670  23.437729  23.437729  23.437572  23.505111  23.437850
2010-12-21 05:10:00      23.437850  23.437828      23.437670  23.437729  23.437729  23.437574  23.505111  23.437850
2010-12-21 05:20:00      23.437850  23.437828      23.437670  23.437729  23.437729  23.437577  23.505111  23.437850
2010-12-21 05:30:00      23.437850  23.437828      23.437670  23.437730  23.437730  23.437579  23.505111  23.437850
2010-12-21 05:40:00      23.437850  23.437828      23.437670  23.437730  23.437730  23.437582  23.505111  23.437850
2010-12-21 05:50:00      23.437850  23.437828      23.437670  23.437730  23.437730  23.437584  23.505111  23.437850
2010-12-21 06:00:00      23.437850  23.437828      23.437670  23.437730  23.437730  23.437587  23.505111  23.437850
2010-12-21 06:10:00      23.437850  23.437828      23.437670  23.437731  23.437731  23.437590  23.505111  23.437850
2010-12-21 06:20:00      23.437850  23.437828      23.437670  23.437731  23.437731  23.437593  23.505111  23.437850
2010-12-21 06:30:00      23.437850  23.437828      23.437670  23.437731  23.437731  23.437596  23.505111  23.437850
2010-12-21 06:40:00      23.437850  23.437828      23.437670  23.437732  23.437732  23.437599  23.505111  23.437850
2010-12-21 06:50:00      23.437850  23.437828      23.437670  23.437732  23.437732  23.437603  23.498566  23.437850
2010-12-21 07:00:00      23.437850  23.437828      23.437670  23.437732  23.437732  23.437606  23.498566  23.437850
2010-12-21 07:10:00      23.437850  23.437828      23.437670  23.437732  23.437732  23.437609  23.498566  23.437850
2010-12-21 07:20:00      23.437850  23.437828      23.437670  23.437733  23.437733  23.437613  23.498566  23.437850
2010-12-21 07:30:00      23.437850  23.437828      23.437670  23.437733  23.437733  23.437617  23.498566  23.437850
2010-12-21 07:40:00      23.437850  23.437828      23.437670  23.437733  23.437733  23.437620  23.498566  23.437850
2010-12-21 07:50:00      23.437850  23.437828      23.437670  23.437734  23.437734  23.437624  23.498566  23.437850
2010-12-21 08:00:00      23.437850  23.437828      23.437670  23.437734  23.437734  23.437628  23.498566  23.437850
2010-12-21 08:10:00      23.437850  23.437828      23.437670  23.437734  23.437734  23.437632  23.498566  23.437850
2010-12-21 08:20:00      23.437850  23.437828      23.437670  23.437734  23.437734  23.437636  23.498566  23.437850
2010-12-21 08:30:00      23.437850  23.437828      23.437670  23.437735  23.437735  23.437640  23.498566  23.437850
2010-12-21 08:40:00      23.437850  23.437828      23.437670  23.437735  23.437735  23.437644  23.498566  23.437850
2010-12-21 08:50:00      23.437850  23.437828      23.437669  23.437735  23.437735  23.437648  23.498566  23.437850
2010-12-21 09:00:00      23.437850  23.437828      23.437669  23.437735  23.437735  23.437652  23.498566  23.437850
2010-12-21 09:10:00      23.437850  23.437828      23.437669  23.437736  23.437736  23.437656  23.498566  23.437850
2010-12-21 09:20:00      23.437850  23.437828      23.437669  23.437736  23.437736  23.437661  23.498566  23.437850
2010-12-21 09:30:00      23.437850  23.437828      23.437669  23.437736  23.437736  23.437665  23.498566  23.437850
2010-12-21 09:40:00      23.437850  23.437828      23.437669  23.437737  23.437737  23.437669  23.498566  23.437850
2010-12-21 09:50:00      23.437850  23.437828      23.437669  23.437737  23.437737  23.437673  23.498566  23.437850
2010-12-21 10:00:00      23.437850  23.437828      23.437669  23.437737  23.437737  23.437677  23.498566  23.437850
2010-12-21 10:10:00      23.437850  23.437828      23.437669  23.437737  23.437737  23.437681  23.498566  23.437850
2010-12-21 10:20:00      23.437850  23.437828      23.437669  23.437738  23.437738  23.437685  23.498566  23.437850
2010-12-21 10:30:00      23.437850  23.437828      23.437669  23.437738  23.437738  23.437689  23.498566  23.437850
2010-12-21 10:40:00      23.437850  23.437828      23.437669  23.437738  23.437738  23.437694  23.498566  23.437850
2010-12-21 10:50:00      23.437850  23.437828      23.437669  23.437739  23.437739  23.437698  23.498566  23.437850
2010-12-21 11:00:00      23.437850  23.437828      23.437669  23.437739  23.437739  23.437701  23.498566  23.437850
2010-12-21 11:10:00      23.437850  23.437828      23.437669  23.437739  23.437739  23.437705  23.498566  23.437850
2010-12-21 11:20:00      23.437850  23.437828      23.437669  23.437739  23.437739  23.437709  23.498566  23.437850
2010-12-21 11:30:00      23.437850  23.437828      23.437669  23.437740  23.437740  23.437713  23.498566  23.437850
2010-12-21 11:40:00      23.437850  23.437828      23.437669  23.437740  23.437740  23.437717  23.498566  23.437850
2010-12-21 11:50:00      23.437850  23.437828      23.437669  23.437740  23.437740  23.437720  23.498566  23.437850
2010-12-21 12:00:00      23.437850  23.437828      23.437669  23.437740  23.437740  23.437724  23.498566  23.437850
2010-12-21 12:10:00      23.437850  23.437828      23.437669  23.437741  23.437741  23.437728  23.498566  23.437850
2010-12-21 12:20:00      23.437850  23.437828      23.437669  23.437741  23.437741  23.437731  23.498566  23.437850
2010-12-21 12:30:00      23.437850  23.437828      23.437669  23.437741  23.437741  23.437734  23.498566  23.437850
2010-12-21 12:40:00      23.437850  23.437828      23.437669  23.437742  23.437742  23.437737  23.498566  23.437850
2010-12-21 12:50:00      23.437850  23.437828      23.437669  23.437742  23.437742  23.437741  23.498566  23.437850
2010-12-21 13:00:00      23.437850  23.437828      23.437669  23.437742  23.437742  23.437744  23.498566  23.437850
2010-12-21 13:10:00      23.437850  23.437828      23.437669  23.437742  23.437742  23.437746  23.498566  23.437850
2010-12-21 13:20:00      23.437850  23.437828      23.437669  23.437743  23.437743  23.437749  23.498566  23.437850
2010-12-21 13:30:00      23.437850  23.437828      23.437669  23.437743  23.437743  23.437752  23.498566  23.437850
2010-12-21 13:40:00      23.437850  23.437828      23.437669  23.437743  23.437743  23.437754  23.498566  23.437850
2010-12-21 13:50:00      23.437850  23.437828      23.437669  23.437743  23.437743  23.437757  23.498566  23.437850
2010-12-21 14:00:00      23.437850  23.437828      23.437669  23.437744  23.437744  23.437759  23.498566  23.437850
2010-12-21 14:10:00      23.437850  23.437828      23.437669  23.437744  23.437744  23.437761  23.498566  23.437850
2010-12-21 14:20:00      23.437850  23.437828      23.437669  23.437744  23.437744  23.437763  23.498566  23.437850
2010-12-21 14:30:00      23.437850  23.437828      23.437669  23.437745  23.437745  23.437765  23.498566  23.437850
2010-12-21 14:40:00      23.437850  23.437828      23.437669  23.437745  23.437745  23.437767  23.498566  23.437850
2010-12-21 14:50:00      23.437850  23.437828      23.437669  23.437745  23.437745  23.437769  23.498566  23.437850
2010-12-21 15:00:00      23.437850  23.437828      23.437669  23.437745  23.437745  23.437770  23.498566  23.437850
2010-12-21 15:10:00      23.437850  23.437828      23.437669  23.437746  23.437746  23.437771  23.498566  23.437850
2010-12-21 15:20:00      23.437850  23.437828      23.437669  23.437746  23.437746  23.437773  23.498566  23.437850
2010-12-21 15:30:00      23.437850  23.437828      23.437669  23.437746  23.437746  23.437774  23.498566  23.437850
2010-12-21 15:40:00      23.437850  23.437828      23.437669  23.437747  23.437747  23.437775  23.498566  23.437850
2010-12-21 15:50:00      23.437850  23.437828      23.437669  23.437747  23.437747  23.437775  23.498566  23.437850
2010-12-21 16:00:00      23.437850  23.437828      23.437669  23.437747  23.437747  23.437776  23.498566  23.437850
2010-12-21 16:10:00      23.437850  23.437828      23.437669  23.437747  23.437747  23.437776  23.498566  23.437850
2010-12-21 16:20:00      23.437850  23.437828      23.437669  23.437748  23.437748  23.437777  23.498566  23.437850
2010-12-21 16:30:00      23.437850  23.437829      23.437669  23.437748  23.437748  23.437777  23.498566  23.437850
2010-12-21 16:40:00      23.437850  23.437829      23.437669  23.437748  23.437748  23.437777  23.498566  23.437850
2010-12-21 16:50:00      23.437850  23.437829      23.437669  23.437748  23.437748  23.437777  23.498566  23.437850
2010-12-21 17:00:00      23.437850  23.437829      23.437669  23.437749  23.437749  23.437777  23.498566  23.437850
2010-12-21 17:10:00      23.437850  23.437829      23.437669  23.437749  23.437749  23.437777  23.498566  23.437850
2010-12-21 17:20:00      23.437850  23.437829      23.437669  23.437749  23.437749  23.437776  23.498566  23.437850
2010-12-21 17:30:00      23.437850  23.437829      23.437669  23.437750  23.437750  23.437776  23.498566  23.437850
2010-12-21 17:40:00      23.437850  23.437829      23.437669  23.437750  23.437750  23.437775  23.498566  23.437850
2010-12-21 17:50:00      23.437850  23.437829      23.437669  23.437750  23.437750  23.437774  23.498566  23.437850
2010-12-21 18:00:00      23.437850  23.437829      23.437669  23.437750  23.437750  23.437773  23.498566  23.437850
2010-12-21 18:10:00      23.437850  23.437829      23.437669  23.437751  23.437751  23.437772  23.498566  23.437850
2010-12-21 18:20:00      23.437850  23.437829      23.437669  23.437751  23.437751  23.437771  23.498566  23.437850
2010-12-21 18:30:00      23.437850  23.437829      23.437669  23.437751  23.437751  23.437770  23.498566  23.437850
2010-12-21 18:40:00      23.437850  23.437829      23.437669  23.437752  23.437752  23.437768  23.498566  23.437850
2010-12-21 18:50:00      23.437850  23.437829      23.437669  23.437752  23.437752  23.437767  23.498566  23.437850
2010-12-21 19:00:00      23.437850  23.437829      23.437669  23.437752  23.437752  23.437765  23.498566  23.437850
2010-12-21 19:10:00      23.437850  23.437829      23.437669  23.437752  23.437752  23.437764  23.498566  23.437850
2010-12-21 19:20:00      23.437850  23.437829      23.437669  23.437753  23.437753  23.437762  23.498566  23.437850
2010-12-21 19:30:00      23.437850  23.437829      23.437669  23.437753  23.437753  23.437760  23.498566  23.437850
2010-12-21 19:40:00      23.437850  23.437829      23.437669  23.437753  23.437753  23.437758  23.498566  23.437850
2010-12-21 19:50:00      23.437850  23.437829      23.437669  23.437753  23.437753  23.437756  23.498566  23.437850
2010-12-21 20:00:00      23.437850  23.437829      23.437669  23.437754  23.437754  23.437754  23.498566  23.437850
2010-12-21 20:10:00      23.437850  23.437829      23.437669  23.437754  23.437754  23.437752  23.498566  23.437850
2010-12-21 20:20:00      23.437850  23.437829      23.437669  23.437754  23.437754  23.437750  23.498566  23.437850
2010-12-21 20:30:00      23.437850  23.437829      23.437669  23.437755  23.437755  23.437748  23.498566  23.437850
2010-12-21 20:40:00      23.437850  23.437829      23.437669  23.437755  23.437755  23.437746  23.498566  23.437850
2010-12-21 20:50:00      23.437850  23.437829      23.437669  23.437755  23.437755  23.437744  23.498566  23.437850
2010-12-21 21:00:00      23.437850  23.437829      23.437669  23.437755  23.437755  23.437741  23.498566  23.437850
2010-12-21 21:10:00      23.437850  23.437829      23.437669  23.437756  23.437756  23.437739  23.498566  23.437850
2010-12-21 21:20:00      23.437850  23.437829      23.437669  23.437756  23.437756  23.437737  23.498566  23.437850
2010-12-21 21:30:00      23.437850  23.437829      23.437669  23.437756  23.437756  23.437735  23.498566  23.437850
2010-12-21 21:40:00      23.437850  23.437829      23.437669  23.437757  23.437757  23.437732  23.498566  23.437850
2010-12-21 21:50:00      23.437850  23.437829      23.437669  23.437757  23.437757  23.437730  23.498566  23.437850
2010-12-21 22:00:00      23.437850  23.437829      23.437669  23.437757  23.437757  23.437728  23.498566  23.437850
2010-12-21 22:10:00      23.437850  23.437829      23.437669  23.437757  23.437757  23.437725  23.498566  23.437850
2010-12-21 22:20:00      23.437850  23.437829      23.437669  23.437758  23.437758  23.437723  23.498566  23.437850
2010-12-21 22:30:00      23.437850  23.437829      23.437669  23.437758  23.437758  23.437721  23.498566  23.437850
2010-12-21 22:40:00      23.437850  23.437829      23.437669  23.437758  23.437758  23.437719  23.498566  23.437850
2010-12-21 22:50:00      23.437850  23.437829      23.437669  23.437758  23.437758  23.437717  23.498566  23.437850
2010-12-21 23:00:00      23.437850  23.437829      23.437669  23.437759  23.437759  23.437715  23.498566  23.437850
2010-12-21 23:10:00      23.437850  23.437829      23.437669  23.437759  23.437759  23.437713  23.498566  23.437850
2010-12-21 23:20:00      23.437850  23.437829      23.437669  23.437759  23.437759  23.437711  23.498566  23.437850
2010-12-21 23:30:00      23.437850  23.437829      23.437669  23.437760  23.437760  23.437709  23.498566  23.437850
2010-12-21 23:40:00      23.437850  23.437829      23.437669  23.437760  23.437760  23.437707  23.498566  23.437850
2010-12-21 23:50:00      23.437850  23.437829      23.437669  23.437760  23.437760  23.437705  23.498566  23.437850
2010-12-22 00:00:00      23.437850  23.437829      23.437669  23.437760  23.437760  23.437703  23.498566  23.437850
2010-12-22 00:10:00      23.437850  23.437829      23.437669  23.437761  23.437761  23.437702  23.498566  23.437850
2010-12-22 00:20:00      23.437850  23.437829      23.437669  23.437761  23.437761  23.437700  23.498566  23.437850
2010-12-22 00:30:00      23.437850  23.437829      23.437669  23.437761  23.437761  23.437699  23.498566  23.437850
2010-12-22 00:40:00      23.437850  23.437829      23.437669  23.437761  23.437761  23.437698  23.498566  23.437850
2010-12-22 00:50:00      23.437850  23.437830      23.437669  23.437762  23.437762  23.437696  23.498566  23.437850
2010-12-22 01:00:00      23.437850  23.437830      23.437669  23.437762  23.437762  23.437695  23.498566  23.437850
2010-12-22 01:10:00      23.437850  23.437830      23.437669  23.437762  23.437762  23.437694  23.498566  23.437850
2010-12-22 01:20:00      23.437850  23.437830      23.437669  23.437763  23.437763  23.437693  23.498566  23.437850
2010-12-22 01:30:00      23.437850  23.437830      23.437669  23.437763  23.437763  23.437693  23.498566  23.437850
2010-12-22 01:40:00      23.437850  23.437830      23.437669  23.437763  23.437763  23.437692  23.498566  23.437850
2010-12-22 01:50:00      23.437850  23.437830      23.437669  23.437763  23.437763  23.437692  23.498566  23.437850
2010-12-22 02:00:00      23.437850  23.437830      23.437669  23.437764  23.437764  23.437691  23.498566  23.437850
2010-12-22 02:10:00      23.437850  23.437830      23.437669  23.437764  23.437764  23.437691  23.498566  23.437850
2010-12-22 02:20:00      23.437850  23.437830      23.437669  23.437764  23.437764  23.437691  23.498566  23.437850
2010-12-22 02:30:00      23.437850  23.437830      23.437669  23.437765  23.437765  23.437691  23.498566  23.437850
2010-12-22 02:40:00      23.437850  23.437830      23.437669  23.437765  23.437765  23.437691  23.498566  23.437850
2010-12-22 02:50:00      23.437850  23.437830      23.437669  23.437765  23.437765  23.437691  23.498566  23.437850
2010-12-22 03:00:00      23.437850  23.437830      23.437669  23.437765  23.437765  23.437692  23.498566  23.437850
2010-12-22 03:10:00      23.437850  23.437830      23.437669  23.437766  23.437766  23.437692  23.498566  23.437850
2010-12-22 03:20:00      23.437850  23.437830      23.437669  23.437766  23.437766  23.437693  23.498566  23.437850
2010-12-22 03:30:00      23.437850  23.437830      23.437669  23.437766  23.437766  23.437694  23.498566  23.437850
2010-12-22 03:40:00      23.437850  23.437830      23.437669  23.437766  23.437766  23.437695  23.498566  23.437850
2010-12-22 03:50:00      23.437850  23.437830      23.437669  23.437767  23.437767  23.437696  23.498566  23.437850
2010-12-22 04:00:00      23.437850  23.437830      23.437669  23.437767  23.437767  23.437697  23.498566  23.437850
2010-12-22 04:10:00      23.437850  23.437830      23.437669  23.437767  23.437767  23.437699  23.498566  23.437850
2010-12-22 04:20:00      23.437850  23.437830      23.437669  23.437768  23.437768  23.437700  23.498566  23.437850
2010-12-22 04:30:00      23.437850  23.437830      23.437669  23.437768  23.437768  23.437702  23.498566  23.437850
2010-12-22 04:40:00      23.437850  23.437830      23.437669  23.437768  23.437768  23.437704  23.498566  23.437850
2010-12-22 04:50:00      23.437850  23.437830      23.437669  23.437768  23.437768  23.437706  23.498566  23.437850
2010-12-22 05:00:00      23.437850  23.437830      23.437669  23.437769  23.437769  23.437708  23.498566  23.437850
2010-12-22 05:10:00      23.437850  23.437830      23.437669  23.437769  23.437769  23.437710  23.498566  23.437850
2010-12-22 05:20:00      23.437850  23.437830      23.437669  23.437769  23.437769  23.437712  23.498566  23.437850
2010-12-22 05:30:00      23.437850  23.437830      23.437669  23.437769  23.437769  23.437715  23.498566  23.437850
2010-12-22 05:40:00      23.437850  23.437830      23.437669  23.437770  23.437770  23.437717  23.498566  23.437850
2010-12-22 05:50:00      23.437850  23.437830      23.437669  23.437770  23.437770  23.437720  23.498566  23.437850
2010-12-22 06:00:00      23.437850  23.437831      23.437669  23.437770  23.437770  23.437723  23.498566  23.437850
2010-12-22 06:10:00      23.437850  23.437831      23.437669  23.437771  23.437771  23.437726  23.498566  23.437850
2010-12-22 06:20:00      23.437850  23.437831      23.437669  23.437771  23.437771  23.437729  23.498566  23.437850
2010-12-22 06:30:00      23.437850  23.437831      23.437669  23.437771  23.437771  23.437732  23.498566  23.437850
2010-12-22 06:40:00      23.437850  23.437831      23.437669  23.437771  23.437771  23.437735  23.498566  23.437850
2010-12-22 06:50:00      23.437850  23.437831      23.437669  23.437772  23.437772  23.437739  23.498566  23.437850
2010-12-22 07:00:00      23.437850  23.437831      23.437669  23.437772  23.437772  23.437742  23.498566  23.437850
2010-12-22 07:10:00      23.437850  23.437831      23.437669  23.437772  23.437772  23.437746  23.498566  23.437850
2010-12-22 07:20:00      23.437850  23.437831      23.437669  23.437772  23.437772  23.437749  23.498566  23.437850
2010-12-22 07:30:00      23.437850  23.437831      23.437669  23.437773  23.437773  23.437753  23.498566  23.437850
2010-12-22 07:40:00      23.437850  23.437831      23.437669  23.437773  23.437773  23.437757  23.498566  23.437850
2010-12-22 07:50:00      23.437850  23.437831      23.437669  23.437773  23.437773  23.437760  23.498566  23.437850
2010-12-22 08:00:00      23.437850  23.437831      23.437669  23.437774  23.437774  23.437764  23.498566  23.437850
2010-12-22 08:10:00      23.437850  23.437831      23.437669  23.437774  23.437774  23.437768  23.498566  23.437850
2010-12-22 08:20:00      23.437850  23.437831      23.437669  23.437774  23.437774  23.437772  23.498566  23.437850
2010-12-22 08:30:00      23.437850  23.437831      23.437669  23.437774  23.437774  23.437776  23.498566  23.437850
2010-12-22 08:40:00      23.437850  23.437831      23.437669  23.437775  23.437775  23.437780  23.498566  23.437850
2010-12-22 08:50:00      23.437850  23.437831      23.437669  23.437775  23.437775  23.437785  23.498566  23.437850
2010-12-22 09:00:00      23.437850  23.437831      23.437669  23.437775  23.437775  23.437789  23.498566  23.437850
2010-12-22 09:10:00      23.437850  23.437831      23.437669  23.437775  23.437775  23.437793  23.498566  23.437850
2010-12-22 09:20:00      23.437850  23.437831      23.437669  23.437776  23.437776  23.437797  23.498566  23.437850
2010-12-22 09:30:00      23.437850  23.437831      23.437669  23.437776  23.437776  23.437801  23.498566  23.437850
2010-12-22 09:40:00      23.437850  23.437831      23.437669  23.437776  23.437776  23.437805  23.498566  23.437850
2010-12-22 09:50:00      23.437850  23.437831      23.437669  23.437777  23.437777  23.437810  23.498566  23.437850
2010-12-22 10:00:00      23.437850  23.437831      23.437669  23.437777  23.437777  23.437814  23.498566  23.437850
2010-12-22 10:10:00      23.437850  23.437832      23.437669  23.437777  23.437777  23.437818  23.498566  23.437850
2010-12-22 10:20:00      23.437850  23.437832      23.437669  23.437777  23.437777  23.437822  23.498566  23.437850
2010-12-22 10:30:00      23.437850  23.437832      23.437669  23.437778  23.437778  23.437826  23.498566  23.437850
2010-12-22 10:40:00      23.437850  23.437832      23.437669  23.437778  23.437778  23.437830  23.498566  23.437850
2010-12-22 10:50:00      23.437850  23.437832      23.437669  23.437778  23.437778  23.437834  23.498566  23.437850
2010-12-22 11:00:00      23.437850  23.437832      23.437669  23.437778  23.437778  23.437838  23.498566  23.437850
2010-12-22 11:10:00      23.437850  23.437832      23.437669  23.437779  23.437779  23.437842  23.498566  23.437850
2010-12-22 11:20:00      23.437850  23.437832      23.437669  23.437779  23.437779  23.437846  23.498566  23.437850
2010-12-22 11:30:00      23.437850  23.437832      23.437669  23.437779  23.437779  23.437850  23.498566  23.437850
2010-12-22 11:40:00      23.437850  23.437832      23.437669  23.437780  23.437780  23.437853  23.498566  23.437850
2010-12-22 11:50:00      23.437850  23.437832      23.437669  23.437780  23.437780  23.437857  23.498566  23.437850
2010-12-22 12:00:00      23.437850  23.437832      23.437669  23.437780  23.437780  23.437861  23.498566  23.437850
2010-12-22 12:10:00      23.437850  23.437832      23.437669  23.437780  23.437780  23.437864  23.498566  23.437850
2010-12-22 12:20:00      23.437850  23.437832      23.437669  23.437781  23.437781  23.437867  23.498566  23.437850
2010-12-22 12:30:00      23.437850  23.437832      23.437669  23.437781  23.437781  23.437871  23.498566  23.437850
2010-12-22 12:40:00      23.437850  23.437832      23.437669  23.437781  23.437781  23.437874  23.498566  23.437850
2010-12-22 12:50:00      23.437850  23.437832      23.437669  23.437781  23.437781  23.437877  23.498566  23.437850
2010-12-22 13:00:00      23.437850  23.437832      23.437669  23.437782  23.437782  23.437880  23.498566  23.437850
2010-12-22 13:10:00      23.437850  23.437832      23.437669  23.437782  23.437782  23.437883  23.498566  23.437850
2010-12-22 13:20:00      23.437850  23.437832      23.437669  23.437782  23.437782  23.437886  23.498566  23.437850
2010-12-22 13:30:00      23.437850  23.437832      23.437669  23.437783  23.437783  23.437888  23.498566  23.437850
2010-12-22 13:40:00      23.437850  23.437833      23.437669  23.437783  23.437783  23.437891  23.498566  23.437850
2010-12-22 13:50:00      23.437850  23.437833      23.437669  23.437783  23.437783  23.437893  23.498566  23.437850
2010-12-22 14:00:00      23.437850  23.437833      23.437669  23.437783  23.437783  23.437896  23.498566  23.437850
2010-12-22 14:10:00      23.437850  23.437833      23.437669  23.437784  23.437784  23.437898  23.498566  23.437850
2010-12-22 14:20:00      23.437850  23.437833      23.437669  23.437784  23.437784  23.437900  23.498566  23.437850
2010-12-22 14:30:00      23.437850  23.437833      23.437669  23.437784  23.437784  23.437902  23.498566  23.437850
2010-12-22 14:40:00      23.437850  23.437833      23.437669  23.437784  23.437784  23.437903  23.498566  23.437850
2010-12-22 14:50:00      23.437850  23.437833      23.437669  23.437785  23.437785  23.437905  23.498566  23.437850
2010-12-22 15:00:00      23.437850  23.437833      23.437669  23.437785  23.437785  23.437906  23.498566  23.437850
2010-12-22 15:10:00      23.437850  23.437833      23.437669  23.437785  23.437785  23.437908  23.498566  23.437850
2010-12-22 15:20:00      23.437850  23.437833      23.437669  23.437786  23.437786  23.437909  23.498566  23.437850
2010-12-22 15:30:00      23.437850  23.437833      23.437669  23.437786  23.437786  23.437910  23.498566  23.437850
2010-12-22 15:40:00      23.437850  23.437833      23.437669  23.437786  23.437786  23.437911  23.498566  23.437850
2010-12-22 15:50:00      23.437850  23.437833      23.437669  23.437786  23.437786  23.437912  23.498566  23.437850
2010-12-22 16:00:00      23.437850  23.437833      23.437669  23.437787  23.437787  23.437912  23.498566  23.437850
2010-12-22 16:10:00      23.437850  23.437833      23.437669  23.437787  23.437787  23.437913  23.498566  23.437850
2010-12-22 16:20:00      23.437850  23.437833      23.437669  23.437787  23.437787  23.437913  23.498566  23.437850
2010-12-22 16:30:00      23.437850  23.437833      23.437669  23.437787  23.437787  23.437913  23.498566  23.437850
2010-12-22 16:40:00      23.437850  23.437833      23.437669  23.437788  23.437788  23.437913  23.498566  23.437850
2010-12-22 16:50:00      23.437850  23.437834      23.437669  23.437788  23.437788  23.437913  23.505111  23.437850
2010-12-22 17:00:00      23.437850  23.437834      23.437669  23.437788  23.437788  23.437913  23.505111  23.437850
2010-12-22 17:10:00      23.437850  23.437834      23.437669  23.437788  23.437788  23.437913  23.505111  23.437850
2010-12-22 17:20:00      23.437850  23.437834      23.437669  23.437789  23.437789  23.437912  23.505111  23.437850
2010-12-22 17:30:00      23.437850  23.437834      23.437669  23.437789  23.437789  23.437912  23.505111  23.437850
2010-12-22 17:40:00      23.437850  23.437834      23.437669  23.437789  23.437789  23.437911  23.505111  23.437850
2010-12-22 17:50:00      23.437850  23.437834      23.437669  23.437790  23.437790  23.437910  23.505111  23.437850
2010-12-22 18:00:00      23.437850  23.437834      23.437669  23.437790  23.437790  23.437909  23.505111  23.437850
2010-12-22 18:10:00      23.437850  23.437834      23.437669  23.437790  23.437790  23.437908  23.505111  23.437850
2010-12-22 18:20:00      23.437850  23.437834      23.437669  23.437790  23.437790  23.437907  23.505111  23.437850
2010-12-22 18:30:00      23.437850  23.437834      23.437669  23.437791  23.437791  23.437906  23.505111  23.437850
2010-12-22 18:40:00      23.437850  23.437834      23.437669  23.437791  23.437791  23.437905  23.505111  23.437849
2010-12-22 18:50:00      23.437849  23.437834      23.437669  23.437791  23.437791  23.437903  23.505111  23.437849
2010-12-22 19:00:00      23.437849  23.437834      23.437669  23.437791  23.437791  23.437902  23.505111  23.437849
2010-12-22 19:10:00      23.437849  23.437834      23.437669  23.437792  23.437792  23.437900  23.505111  23.437849
2010-12-22 19:20:00      23.437849  23.437834      23.437669  23.437792  23.437792  23.437898  23.505111  23.437849
2010-12-22 19:30:00      23.437849  23.437834      23.437669  23.437792  23.437792  23.437897  23.505111  23.437849
2010-12-22 19:40:00      23.437849  23.437834      23.437669  23.437792  23.437792  23.437895  23.505111  23.437849
2010-12-22 19:50:00      23.437849  23.437835      23.437669  23.437793  23.437793  23.437893  23.505111  23.437849
2010-12-22 20:00:00      23.437849  23.437835      23.437669  23.437793  23.437793  23.437891  23.505111  23.437849
2010-12-22 20:10:00      23.437849  23.437835      23.437669  23.437793  23.437793  23.437889  23.505111  23.437849
2010-12-22 20:20:00      23.437849  23.437835      23.437669  23.437794  23.437794  23.437887  23.505111  23.437849
2010-12-22 20:30:00      23.437849  23.437835      23.437669  23.437794  23.437794  23.437885  23.505111  23.437849
2010-12-22 20:40:00      23.437849  23.437835      23.437669  23.437794  23.437794  23.437883  23.505111  23.437849
2010-12-22 20:50:00      23.437849  23.437835      23.437669  23.437794  23.437794  23.437880  23.505111  23.437849
2010-12-22 21:00:00      23.437849  23.437835      23.437669  23.437795  23.437795  23.437878  23.505111  23.437849
2010-12-22 21:10:00      23.437849  23.437835      23.437669  23.437795  23.437795  23.437876  23.505111  23.437849
2010-12-22 21:20:00      23.437849  23.437835      23.437669  23.437795  23.437795  23.437874  23.505111  23.437849
2010-12-22 21:30:00      23.437849  23.437835      23.437669  23.437795  23.437795  23.437872  23.505111  23.437849
2010-12-22 21:40:00      23.437849  23.437835      23.437669  23.437796  23.437796  23.437869  23.505111  23.437849
2010-12-22 21:50:00      23.437849  23.437835      23.437669  23.437796  23.437796  23.437867  23.505111  23.437849
2010-12-22 22:00:00      23.437849  23.437835      23.437669  23.437796  23.437796  23.437865  23.505111  23.437849
2010-12-22 22:10:00      23.437849  23.437835      23.437669  23.437796  23.437796  23.437863  23.505111  23.437849
2010-12-22 22:20:00      23.437849  23.437835      23.437669  23.437797  23.437797  23.437860  23.505111  23.437849
2010-12-22 22:30:00      23.437849  23.437835      23.437669  23.437797  23.437797  23.437858  23.505111  23.437849
2010-12-22 22:40:00      23.437849  23.437836      23.437669  23.437797  23.437797  23.437856  23.505111  23.437849
2010-12-22 22:50:00      23.437849  23.437836      23.437669  23.437798  23.437798  23.437854  23.505111  23.437849
2010-12-22 23:00:00      23.437849  23.437836      23.437669  23.437798  23.437798  23.437852  23.505111  23.437849
2010-12-22 23:10:00      23.437849  23.437836      23.437669  23.437798  23.437798  23.437850  23.505111  23.437849
2010-12-22 23:20:00      23.437849  23.437836      23.437669  23.437798  23.437798  23.437848  23.505111  23.437849
2010-12-22 23:30:00      23.437849  23.437836      23.437669  23.437799  23.437799  23.437846  23.505111  23.437849
2010-12-22 23:40:00      23.437849  23.437836      23.437669  23.437799  23.437799  23.437845  23.505111  23.437849
2010-12-22 23:50:00      23.437849  23.437836      23.437669  23.437799  23.437799  23.437843  23.505111  23.437849
2010-12-23 00:00:00      23.437849  23.437836      23.437669  23.437799  23.437799  23.437841  23.505111  23.437849