                     geopack_08_dp    spacepy  spacepy-irbem  spiceypy1  spiceypy2      sunpy
2010-12-21 00:00:00      27.930521  27.931219      27.951884  27.925076  27.919459  27.932653
2010-12-21 00:10:00      28.276680  28.277358      28.298687  28.271527  28.265773  28.278741
2010-12-21 00:20:00      28.613707  28.614365      28.636328  28.608851  28.602968  28.615696
2010-12-21 00:30:00      28.941273  28.941910      28.964476  28.936717  28.930712  28.943187
2010-12-21 00:40:00      29.259062  29.259677      29.282816  29.254808  29.248689  29.260899
2010-12-21 00:50:00      29.566770  29.567363      29.591046  29.562822  29.556598  29.568530
2010-12-21 01:00:00      29.864111  29.864681      29.888878  29.860472  29.854148  29.865791
2010-12-21 01:10:00      30.150810  30.151356      30.176037  30.147481  30.141067  30.152410
2010-12-21 01:20:00      30.426605  30.427127      30.452262  30.423588  30.417091  30.428123
2010-12-21 01:30:00      30.691248  30.691745      30.717305  30.688545  30.681971  30.692683
2010-12-21 01:40:00      30.944501  30.944973      30.970928  30.942114  30.935472  30.945852
2010-12-21 01:50:00      31.186141  31.186588      31.212908  31.184070  31.177367  31.187408
2010-12-21 02:00:00      31.415956  31.416377      31.443033  31.414202  31.407446  31.417137
2010-12-21 02:10:00      31.633745  31.634139      31.661102  31.632309  31.625506  31.634839
2010-12-21 02:20:00      31.839320  31.839687      31.866928  31.838202  31.831360  31.840327
2010-12-21 02:30:00      32.032504  32.032844      32.060333  32.031705  32.024831  32.033423
2010-12-21 02:40:00      32.213132  32.213445      32.241152  32.212651  32.205753  32.213963
2010-12-21 02:50:00      32.381051  32.381336      32.409232  32.380887  32.373971  32.381793
2010-12-21 03:00:00      32.536117  32.536374      32.564430  32.536270  32.529345  32.536770
2010-12-21 03:10:00      32.678201  32.678430      32.706617  32.678670  32.671741  32.678764
2010-12-21 03:20:00      32.807182  32.807383      32.835672  32.807966  32.801042  32.807655
2010-12-21 03:30:00      32.922954  32.923125      32.951487  32.924051  32.917137  32.923336
2010-12-21 03:40:00      33.025418  33.025561      33.053967  33.026827  33.019931  33.025710
2010-12-21 03:50:00      33.114490  33.114604      33.143025  33.116209  33.109338  33.114691
2010-12-21 04:00:00      33.190096  33.190181      33.218587  33.192122  33.185283  33.190206
2010-12-21 04:10:00      33.252172  33.252228      33.280592  33.254504  33.247703  33.252192
2010-12-21 04:20:00      33.300667  33.300694      33.328987  33.303302  33.296547  33.300596
2010-12-21 04:30:00      33.335542  33.335539      33.363733  33.338476  33.331773  33.335380
2010-12-21 04:40:00      33.356767  33.356735      33.384800  33.359998  33.353354  33.356514
2010-12-21 04:50:00      33.364324  33.364263      33.392172  33.367848  33.361270  33.363981
2010-12-21 05:00:00      33.358208  33.358118      33.385842  33.362022  33.355515  33.357774
2010-12-21 05:10:00      33.338423  33.338304      33.365816  33.342523  33.336095  33.337900
2010-12-21 05:20:00      33.304986  33.304838      33.332109  33.309368  33.303025  33.304373
2010-12-21 05:30:00      33.257925  33.257748      33.284751  33.262584  33.256332  33.257222
2010-12-21 05:40:00      33.197278  33.197073      33.223780  33.202209  33.196056  33.196486
2010-12-21 05:50:00      33.123095  33.122862      33.149246  33.128295  33.122246  33.122215
2010-12-21 06:00:00      33.035440  33.035178      33.061212  33.040902  33.034963  33.034471
2010-12-21 06:10:00      32.934383  32.934093      32.959750  32.940104  32.934281  32.933326
2010-12-21 06:20:00      32.820010  32.819693      32.844946  32.825983  32.820282  32.818866
2010-12-21 06:30:00      32.692416  32.692071      32.716894  32.698635  32.693063  32.691186
2010-12-21 06:40:00      32.551708  32.551336      32.575702  32.558168  32.552730  32.550392
2010-12-21 06:50:00      32.398004  32.397605      32.421488  32.404698  32.399401  32.396602
2010-12-21 07:00:00      32.231434  32.231009      32.254383  32.238356  32.233205  32.229948
2010-12-21 07:10:00      32.052138  32.051687      32.074527  32.059282  32.054282  32.050569
2010-12-21 07:20:00      31.860270  31.859794      31.882074  31.867628  31.862786  31.858618
2010-12-21 07:30:00      31.655993  31.655492      31.677187  31.663558  31.658879  31.654259
2010-12-21 07:40:00      31.439483  31.438957      31.460042  31.447248  31.442737  31.437668
2010-12-21 07:50:00      31.210926  31.210376      31.230827  31.218884  31.214547  31.209033
2010-12-21 08:00:00      30.970523  30.969949      30.989741  30.978665  30.974507  30.968551
2010-12-21 08:10:00      30.718483  30.717887      30.736996  30.726802  30.722828  30.716434
2010-12-21 08:20:00      30.455030  30.454411      30.472813  30.463518  30.459733  30.452905
2010-12-21 08:30:00      30.180399  30.179758      30.197430  30.189046  30.185455  30.178200
2010-12-21 08:40:00      29.894838  29.894175      29.911093  29.903635  29.900244  29.892565
2010-12-21 08:50:00      29.598605  29.597923      29.614063  29.607545  29.604358  29.596262
2010-12-21 09:00:00      29.291976  29.291274      29.306614  29.301048  29.298070  29.289563
2010-12-21 09:10:00      28.975237  28.974515      28.989033  28.984431  28.981667  28.972756
2010-12-21 09:20:00      28.648687  28.647947      28.661619  28.657994  28.655448  28.646140
2010-12-21 09:30:00      28.312641  28.311884      28.324689  28.322051  28.319728  28.310031
2010-12-21 09:40:00      27.967429  27.966654      27.978571  27.976931  27.974835  27.964757
2010-12-21 09:50:00      27.613394  27.612604      27.623609  27.622978  27.621113  27.610662
2010-12-21 10:00:00      27.250897  27.250092      27.260165  27.260551  27.258922  27.248108
2010-12-21 10:10:00      26.880314  26.879495      26.888615  26.890027  26.888638  26.877472
2010-12-21 10:20:00      26.502041  26.501209      26.509355  26.511800  26.510656  26.499147
2010-12-21 10:30:00      26.116490  26.115646      26.122796  26.126284  26.125387  26.113547
2010-12-21 10:40:00      25.724093  25.723238      25.729373  25.733908  25.733263  25.721104
2010-12-21 10:50:00      25.325303  25.324438      25.329538  25.335126  25.334737  25.322271
2010-12-21 11:00:00      24.920595  24.919721      24.923766  24.930413  24.930283  24.917524
2010-12-21 11:10:00      24.510467  24.509586      24.512556  24.520266  24.520399  24.507361
2010-12-21 11:20:00      24.095444  24.094556      24.096433  24.105208  24.105607  24.092305
2010-12-21 11:30:00      23.676074  23.675181      23.675946  23.685789  23.686457  23.672908
2010-12-21 11:40:00      23.252938  23.252041      23.251677  23.262587  23.263527  23.249748
2010-12-21 11:50:00      22.826645  22.825746      22.824235  22.836212  22.837428  22.823437
2010-12-21 12:00:00      22.397840  22.396940      22.394265  22.407308  22.408801  22.394618
2010-12-21 12:10:00      21.967202  21.966303      21.962448  21.976552  21.978325  21.963971
2010-12-21 12:20:00      21.535449  21.534553      21.529504  21.544663  21.546717  21.532215
2010-12-21 12:30:00      21.103342  21.102450      21.096193  21.112400  21.114738  21.100111
2010-12-21 12:40:00      20.671686  20.670800      20.663323  20.680567  20.683190  20.668464
2010-12-21 12:50:00      20.241335  20.240458      20.231749  20.250018  20.252926  20.238129
2010-12-21 13:00:00      19.813195  19.812327      19.802378  19.821657  19.824850  19.810011
2010-12-21 13:10:00      19.388226  19.387370      19.376175  19.396443  19.399921  19.385073
2010-12-21 13:20:00      18.967448  18.966607      18.954161  18.975397  18.979158  18.964333
2010-12-21 13:30:00      18.551944  18.551120      18.537422  18.559598  18.563640  18.548876
2010-12-21 13:40:00      18.142861  18.142056      18.127110  18.150193  18.154514  18.139849
2010-12-21 13:50:00      17.741415  17.740632      17.724444  17.748398  17.752993  17.738468
2010-12-21 14:00:00      17.348891  17.348134      17.330716  17.355496  17.360360  17.346020
2010-12-21 14:10:00      16.966647  16.965917      16.947287  16.972844  16.977969  16.963862
2010-12-21 14:20:00      16.596107  16.595408      16.575591  16.601866  16.607244  16.593420
2010-12-21 14:30:00      16.238767  16.238102      16.217129  16.244056  16.249676  16.236188
2010-12-21 14:40:00      15.896181  15.895554      15.873465  15.900970  15.906819  15.893724
2010-12-21 14:50:00      15.569963  15.569375      15.546221  15.574220  15.580283  15.567638
2010-12-21 15:00:00      15.261765  15.261221      15.237060  15.265459  15.271720  15.259586
2010-12-21 15:10:00      14.973270  14.972774      14.947678  14.976373  14.982810  14.971250
2010-12-21 15:20:00      14.706171  14.705725      14.679776  14.708653  14.715244  14.704322
2010-12-21 15:30:00      14.462144  14.461751      14.435045  14.463980  14.470699  14.460477
2010-12-21 15:40:00      14.242822  14.242485      14.215128  14.243988  14.250807  14.241350
2010-12-21 15:50:00      14.049763  14.049485      14.021594  14.050239  14.057128  14.048496
2010-12-21 16:00:00      13.884412  13.884196      13.855903  13.884184  13.891109  13.883361
2010-12-21 16:10:00      13.748071  13.747918      13.719362  13.747129  13.754054  13.747243
2010-12-21 16:20:00      13.641855  13.641767      13.613096  13.640194  13.647083  13.641258
2010-12-21 16:30:00      13.566663  13.566640      13.538009  13.564285  13.571100  13.566301
2010-12-21 16:40:00      13.523147  13.523190      13.494755  13.520060  13.526764  13.523023
2010-12-21 16:50:00      13.511690  13.511800      13.483719  13.507909  13.514464  13.511806
2010-12-21 17:00:00      13.532396  13.532571      13.504999  13.527941  13.534310  13.532749
2010-12-21 17:10:00      13.585079  13.585318      13.558404  13.579977  13.586127  13.585666
2010-12-21 17:20:00      13.669277  13.669578      13.643464  13.663560  13.669459  13.670093
2010-12-21 17:30:00      13.784265  13.784626      13.759442  13.777969  13.783587  13.785301
2010-12-21 17:40:00      13.929077  13.929495      13.905360  13.922242  13.927554  13.930325
2010-12-21 17:50:00      14.102542  14.103013      14.080033  14.095210  14.100194  14.103991
2010-12-21 18:00:00      14.303313  14.303835      14.282098  14.295529  14.300167  14.304951
2010-12-21 18:10:00      14.529908  14.530477      14.510061  14.521717  14.525993  14.531723
2010-12-21 18:20:00      14.780745  14.781356      14.762322  14.772191  14.776095  14.782723
2010-12-21 18:30:00      15.054174  15.054824      15.037221  15.045302  15.048826  15.056302
2010-12-21 18:40:00      15.348512  15.349197      15.333062  15.339366  15.342505  15.350776
2010-12-21 18:50:00      15.662067  15.662784      15.648141  15.652690  15.655440  15.664455
2010-12-21 19:00:00      15.993164  15.993909      15.980771  15.983594  15.985957  15.995662
2010-12-21 19:10:00      16.340158  16.340928      16.329302  16.330434  16.332411  16.342753
2010-12-21 19:20:00      16.701454  16.702244      16.692128  16.691612  16.693207  16.704134
2010-12-21 19:30:00      17.075512  17.076320      17.067705  17.065585  17.066803  17.078266
2010-12-21 19:40:00      17.460857  17.461681      17.454553  17.450877  17.451724  17.463674
2010-12-21 19:50:00      17.856085  17.856920      17.851260  17.846080  17.846563  17.858952
2010-12-21 20:00:00      18.259857  18.260702      18.256487  18.249855  18.249983  18.262766
2010-12-21 20:10:00      18.670909  18.671761      18.668967  18.660934  18.660715  18.673851
2010-12-21 20:20:00      19.088046  19.088902      19.087500  19.078121  19.077564  19.091011
2010-12-21 20:30:00      19.510138  19.510996      19.510958  19.500285  19.499399  19.513119
2010-12-21 20:40:00      19.936121  19.936980      19.938274  19.926360  19.925155  19.939110
2010-12-21 20:50:00      20.364994  20.365850      20.368445  20.355343  20.353827  20.367983
2010-12-21 21:00:00      20.795811  20.796663      20.800525  20.786286  20.784470  20.798793
2010-12-21 21:10:00      21.227682  21.228529      21.233626  21.218299  21.216193  21.230651
2010-12-21 21:20:00      21.659767  21.660607      21.666905  21.650541  21.648153  21.662718
2010-12-21 21:30:00      22.091275  22.092107      22.099573  22.082219  22.079560  22.094202
2010-12-21 21:40:00      22.521458  22.522279      22.530880  22.512584  22.509662  22.524356
2010-12-21 21:50:00      22.949608  22.950418      22.960119  22.940928  22.937753  22.952472
2010-12-21 22:00:00      23.375057  23.375854      23.386623  23.366581  23.363162  23.377882
2010-12-21 22:10:00      23.797170  23.797954      23.809757  23.788909  23.785255  23.799953
2010-12-21 22:20:00      24.215347  24.216116      24.228921  24.207310  24.203430  24.218084
2010-12-21 22:30:00      24.629017  24.629770      24.643544  24.621212  24.617115  24.631704
2010-12-21 22:40:00      25.037638  25.038373      25.053084  25.030072  25.025767  25.040271
2010-12-21 22:50:00      25.440693  25.441410      25.457026  25.433375  25.428870  25.443269
2010-12-21 23:00:00      25.837691  25.838390      25.854878  25.830627  25.825931  25.840207
2010-12-21 23:10:00      26.228163  26.228843      26.246172  26.221361  26.216482  26.230617
2010-12-21 23:20:00      26.611663  26.612322      26.630461  26.605128  26.600074  26.614053
2010-12-21 23:30:00      26.987765  26.988403      27.007320  26.981502  26.976282  26.990087
2010-12-21 23:40:00      27.356060  27.356676      27.376341  27.350074  27.344697  27.358312
2010-12-21 23:50:00      27.716159  27.716753      27.737134  27.710457  27.704929  27.718340
2010-12-22 00:00:00      28.067565  28.068262      28.089329  28.062276  28.056606  28.069799
2010-12-22 00:10:00      28.410170  28.410848      28.432570  28.405176  28.399371  28.412332
2010-12-22 00:20:00      28.743513  28.744170      28.766516  28.738817  28.732886  28.745602
2010-12-22 00:30:00      29.067268  29.067903      29.090845  29.062873  29.056824  29.069281
2010-12-22 00:40:00      29.381125  29.381738      29.405244  29.377035  29.370875  29.383062
2010-12-22 00:50:00      29.684788  29.685378      29.709419  29.681005  29.674741  29.686646
2010-12-22 01:00:00      29.977974  29.978541      30.003086  29.974500  29.968141  29.979752
2010-12-22 01:10:00      30.260414  30.260957      30.285976  30.257252  30.250805  30.262111
2010-12-22 01:20:00      30.531851  30.532369      30.557833  30.529002  30.522474  30.533466
2010-12-22 01:30:00      30.792040  30.792534      30.818412  30.789506  30.782906  30.793572
2010-12-22 01:40:00      31.040752  31.041220      31.067483  31.038534  31.031867  31.042199
2010-12-22 01:50:00      31.277765  31.278207      31.304826  31.275864  31.269140  31.279127
2010-12-22 02:00:00      31.502873  31.503289      31.530233  31.501290  31.494515  31.504149
2010-12-22 02:10:00      31.715880  31.716269      31.743510  31.714616  31.707796  31.717069
2010-12-22 02:20:00      31.916602  31.916964      31.944472  31.915656  31.908801  31.917704
2010-12-22 02:30:00      32.104867  32.105202      32.132946  32.104240  32.097356  32.105881
2010-12-22 02:40:00      32.280515  32.280822      32.308774  32.280206  32.273299  32.281440
2010-12-22 02:50:00      32.443395  32.443674      32.471805  32.443404  32.436483  32.444231
2010-12-22 03:00:00      32.593372  32.593622      32.621902  32.593698  32.586769  32.594118
2010-12-22 03:10:00      32.730317  32.730539      32.758938  32.730959  32.724029  32.730973
2010-12-22 03:20:00      32.854116  32.854310      32.882799  32.855073  32.848150  32.854682
2010-12-22 03:30:00      32.964666  32.964831      32.993381  32.965936  32.959027  32.965142
2010-12-22 03:40:00      33.061875  33.062010      33.090592  33.063455  33.056567  33.062259
2010-12-22 03:50:00      33.145660  33.145766      33.174352  33.147550  33.140689  33.145954
2010-12-22 04:00:00      33.215953  33.216030      33.244590  33.218150  33.211324  33.216156
2010-12-22 04:10:00      33.272696  33.272744      33.301248  33.275197  33.268412  33.272808
2010-12-22 04:20:00      33.315841  33.315859      33.344280  33.318644  33.311906  33.315862
2010-12-22 04:30:00      33.345352  33.345341      33.373649  33.348454  33.341771  33.345282
2010-12-22 04:40:00      33.361205  33.361165      33.389333  33.364603  33.357981  33.361045
2010-12-22 04:50:00      33.363388  33.363318      33.391317  33.367077  33.360523  33.363136
2010-12-22 05:00:00      33.351898  33.351799      33.379600  33.355875  33.349396  33.351555
2010-12-22 05:10:00      33.326744  33.326616      33.354191  33.331006  33.324607  33.326311
2010-12-22 05:20:00      33.287948  33.287791      33.315112  33.292490  33.286179  33.287425
2010-12-22 05:30:00      33.235541  33.235355      33.262396  33.240359  33.234142  33.234929
2010-12-22 05:40:00      33.169568  33.169353      33.196085  33.174656  33.168540  33.168866
2010-12-22 05:50:00      33.090082  33.089839      33.116234  33.095437  33.089426  33.089292
2010-12-22 06:00:00      32.997150  32.996879      33.022911  33.002766  32.996868  32.996272
2010-12-22 06:10:00      32.890850  32.890550      32.916191  32.896721  32.890942  32.889883
2010-12-22 06:20:00      32.771269  32.770942      32.796165  32.777390  32.771736  32.770215
2010-12-22 06:30:00      32.638508  32.638153      32.662933  32.644873  32.639350  32.637368
2010-12-22 06:40:00      32.492678  32.492296      32.516606  32.499282  32.493895  32.491452
2010-12-22 06:50:00      32.333903  32.333494      32.357307  32.340738  32.335493  32.332591
2010-12-22 07:00:00      32.162315  32.161880      32.185170  32.169375  32.164279  32.160919
2010-12-22 07:10:00      31.978060  31.977599      32.000342  31.985339  31.980397  31.976581
2010-12-22 07:20:00      31.781296  31.780810      31.802979  31.788787  31.784004  31.779734
2010-12-22 07:30:00      31.572192  31.571680      31.593250  31.579886  31.575268  31.570548
2010-12-22 07:40:00      31.350926  31.350389      31.371336  31.358817  31.354369  31.349202
2010-12-22 07:50:00      31.117691  31.117130      31.137428  31.125772  31.121499  31.115887
2010-12-22 08:00:00      30.872690  30.872107      30.891732  30.880953  30.876861  30.870809
2010-12-22 08:10:00      30.616140  30.615533      30.634461  30.624575  30.620670  30.614181
2010-12-22 08:20:00      30.348268  30.347639      30.365846  30.356868  30.353154  30.346233
2010-12-22 08:30:00      30.069313  30.068662      30.086125  30.078069  30.074551  30.067205
2010-12-22 08:40:00      29.779529  29.778857      29.795551  29.788432  29.785115  29.777348
2010-12-22 08:50:00      29.479180  29.478488      29.494391  29.488221  29.485110  29.476928
2010-12-22 09:00:00      29.168546  29.167834      29.182923  29.177715  29.174815  29.166224
2010-12-22 09:10:00      28.847917  28.847186      28.861438  28.857205  28.854520  28.845528
2010-12-22 09:20:00      28.517600  28.516851      28.530244  28.526997  28.524532  28.515146
2010-12-22 09:30:00      28.177915  28.177149      28.189661  28.187410  28.185170  28.175398
2010-12-22 09:40:00      27.829198  27.828415      27.840023  27.838780  27.836769  27.826619
2010-12-22 09:50:00      27.471797  27.470999      27.481682  27.481456  27.479678  27.469160
2010-12-22 10:00:00      27.106081  27.105267      27.115004  27.115805  27.114265  27.103387
2010-12-22 10:10:00      26.732432  26.731605      26.740374  26.742210  26.740911  26.729685
2010-12-22 10:20:00      26.351253  26.350413      26.358194  26.361072  26.360019  26.348455
2010-12-22 10:30:00      25.962963  25.962112      25.968883  25.972811  25.972008  25.960117
2010-12-22 10:40:00      25.568003  25.567141      25.572883  25.577867  25.577318  25.565113
2010-12-22 10:50:00      25.166835  25.165963      25.170655  25.176701  25.176409  25.163902
2010-12-22 11:00:00      24.759941  24.759061      24.762684  24.769797  24.769765  24.756971
2010-12-22 11:10:00      24.347831  24.346943      24.349479  24.357661  24.357893  24.344827
2010-12-22 11:20:00      23.931038  23.930144      23.931572  23.940827  23.941326  23.928003
2010-12-22 11:30:00      23.510123  23.509225      23.509528  23.519856  23.520626  23.507062
2010-12-22 11:40:00      23.085678  23.084777      23.083936  23.095338  23.096382  23.082595
2010-12-22 11:50:00      22.658325  22.657422      22.655421  22.667896  22.669216  22.655226
2010-12-22 12:00:00      22.228723  22.227820      22.224642  22.238187  22.239785  22.225612
2010-12-22 12:10:00      21.797565  21.796664      21.792294  21.806904  21.808783  21.794448
2010-12-22 12:20:00      21.365587  21.364689      21.359112  21.374782  21.376943  21.362469
2010-12-22 12:30:00      20.933566  20.932673      20.925875  20.942596  20.945041  20.930454
2010-12-22 12:40:00      20.502326  20.501440      20.493410  20.511170  20.513901  20.499226
2010-12-22 12:50:00      20.072740  20.071863      20.062591  20.081377  20.084393  20.069659
2010-12-22 13:00:00      19.645736  19.644870      19.634348  19.654142  19.657444  19.642681
2010-12-22 13:10:00      19.222297  19.221444      19.209667  19.230449  19.234035  19.219276
2010-12-22 13:20:00      18.803467  18.802630      18.789594  18.811340  18.815209  18.800488
2010-12-22 13:30:00      18.390354  18.389535      18.375241  18.397921  18.402071  18.387426
2010-12-22 13:40:00      17.984132  17.983333      17.967786  17.991366  17.995793  17.981265
2010-12-22 13:50:00      17.586044  17.585269      17.568477  17.592917  17.597616  17.583247
2010-12-22 14:00:00      17.197403  17.196654      17.178633  17.203887  17.208851  17.194687
2010-12-22 14:10:00      16.819594  16.818874      16.799643  16.825657  16.830880  16.816969
2010-12-22 14:20:00      16.454069  16.453381      16.432968  16.459681  16.465153  16.451547
2010-12-22 14:30:00      16.102347  16.101695      16.080135  16.107478  16.113187  16.099940
2010-12-22 14:40:00      15.766008  15.765395      15.742732  15.770626  15.776559  15.763728
2010-12-22 14:50:00      15.446681  15.446110      15.422398  15.450754  15.456896  15.444541
2010-12-22 15:00:00      15.146034  15.145508      15.120812  15.149532  15.155864  15.144046
2010-12-22 15:10:00      14.865756  14.865278      14.839674  14.868650  14.875150  14.863932
2010-12-22 15:20:00      14.607534  14.607109      14.580683  14.609797  14.616441  14.605887
2010-12-22 15:30:00      14.373033  14.372663      14.345517  14.374640  14.381402  14.371575
2010-12-22 15:40:00      14.163860  14.163547      14.135793  14.164788  14.171639  14.162602
2010-12-22 15:50:00      13.981532  13.981280      13.953041  13.981764  13.988672  13.980485
2010-12-22 16:00:00      13.827444  13.827254      13.798666  13.826967  13.833897  13.826617
2010-12-22 16:10:00      13.702826  13.702701      13.673908  13.701632  13.708549  13.702227
2010-12-22 16:20:00      13.608714  13.608655      13.579808  13.606801  13.613667  13.608349
2010-12-22 16:30:00      13.545912  13.545919      13.517175  13.543284  13.550062  13.545784
2010-12-22 16:40:00      13.514969  13.515043      13.486560  13.511636  13.518289  13.515081
2010-12-22 16:50:00      13.516159  13.516300      13.488236  13.512139  13.518628  13.516510
2010-12-22 17:00:00      13.549471  13.549678      13.522187  13.544787  13.551078  13.550059
2010-12-22 17:10:00      13.614611  13.614882      13.588111  13.609292  13.615351  13.615432
2010-12-22 17:20:00      13.711011  13.711343      13.685431  13.705090  13.710885  13.712057
2010-12-22 17:30:00      13.837846  13.838237      13.813312  13.831361  13.836866  13.839110
2010-12-22 17:40:00      13.994068  13.994515      13.970689  13.987060  13.992250  13.995539
2010-12-22 17:50:00      14.178431  14.178931      14.156304  14.170943  14.175798  14.180098
2010-12-22 18:00:00      14.389531  14.390080      14.368738  14.381609  14.386111  14.391382
2010-12-22 18:10:00      14.625842  14.626437      14.606450  14.617531  14.621667  14.627864
2010-12-22 18:20:00      14.885753  14.886389      14.867814  14.877096  14.880857  14.887932
2010-12-22 18:30:00      15.167596  15.168270      15.151152  15.158639  15.162017  15.169920
2010-12-22 18:40:00      15.469682  15.470391      15.454760  15.460469  15.463460  15.472137
2010-12-22 18:50:00      15.790324  15.791063      15.776940  15.780894  15.783497  15.792896
2010-12-22 19:00:00      16.127856  16.128622      16.116018  16.118250  16.120466  16.130533
2010-12-22 19:10:00      16.480652  16.481442      16.470359  16.470906  16.472737  16.483420
2010-12-22 19:20:00      16.847137  16.847947      16.838380  16.837286  16.838737  16.849985
2010-12-22 19:30:00      17.225797  17.226623      17.218561  17.215874  17.216950  17.228713
2010-12-22 19:40:00      17.615183  17.616023      17.609450  17.605218  17.605926  17.618157
2010-12-22 19:50:00      18.013917  18.014768      18.009664  18.003938  18.004286  18.016938
2010-12-22 20:00:00      18.420690  18.421550      18.417890  18.410725  18.410720  18.423749
2010-12-22 20:10:00      18.834265  18.835131      18.832890  18.824337  18.823989  18.837352
2010-12-22 20:20:00      19.253473  19.254342      19.253491  19.243604  19.242922  19.256580
2010-12-22 20:30:00      19.677211  19.678081      19.678589  19.667422  19.666414  19.680329
2010-12-22 20:40:00      20.104439  20.105309      20.107144  20.094749  20.093426  20.107562
2010-12-22 20:50:00      20.534178  20.535045      20.538176  20.524606  20.522975  20.537298
2010-12-22 21:00:00      20.965505  20.966368      20.970761  20.956066  20.954139  20.968617
2010-12-22 21:10:00      21.397551  21.398408      21.404029  21.388260  21.386046  21.400647
2010-12-22 21:20:00      21.829495  21.830344      21.837160  21.820366  21.817874  21.832570
2010-12-22 21:30:00      22.260562  22.261402      22.269379  22.251609  22.248849  22.263610
2010-12-22 21:40:00      22.690021  22.690851      22.699956  22.681255  22.678236  22.693038
2010-12-22 21:50:00      23.117180  23.117998      23.128197  23.108613  23.105345  23.120162
2010-12-22 22:00:00      23.541385  23.542190      23.553450  23.533027  23.529518  23.544327
2010-12-22 22:10:00      23.962015  23.962806      23.975093  23.953875  23.950135  23.964913
2010-12-22 22:20:00      24.378481  24.379256      24.392537  24.370569  24.366606  24.381330
2010-12-22 22:30:00      24.790223  24.790982      24.805225  24.782547  24.778370  24.793021
2010-12-22 22:40:00      25.196710  25.197452      25.212624  25.189278  25.184896  25.199454
2010-12-22 22:50:00      25.597436  25.598159      25.614228  25.590254  25.585676  25.600121
2010-12-22 23:00:00      25.991918  25.992622      26.009556  25.984994  25.980227  25.994543
2010-12-22 23:10:00      26.379697  26.380381      26.398147  26.373036  26.368090  26.382258
2010-12-22 23:20:00      26.760333  26.760997      26.779565  26.753942  26.748825  26.762829
2010-12-22 23:30:00      27.133409  27.134050      27.153389  27.127293  27.122012  27.135836
2010-12-22 23:40:00      27.498523  27.499142      27.519220  27.492687  27.487251  27.500879
2010-12-22 23:50:00      27.855293  27.855890      27.876675  27.849742  27.844159  27.857578
2010-12-23 00:00:00      28.203227  28.203928      28.225391  28.198093  28.192371  28.205565